restart: with(plots,Interactive,pointplot3d):
pointplot3d({
[0.0000000000, 0.0000000000, 0.0000000000], #  0.00   2
[0.0309652228, 1.0635397505, -0.3711274337], #  1.13  -2
[0.5060348063, -0.9995772279, -0.1201220407], #  1.13  -2
[-0.6920874704, -0.7630025859, 0.4565983732], #  1.13  -2
[-0.9908283094, 0.1157732116, -0.5239866339], #  1.13  -2
[0.4539357190, -0.1795666238, 1.0155310800], #  1.13  -2
[-0.6043287484, 0.6092851051, 0.7302825260], #  1.13  -2
[1.0893498995, 0.2750517017, -0.0860517539], #  1.13  -2
[0.2066214215, -0.1210853297, -1.1011114024]  #  1.13  -2
},axes=normal,symbol=circle,symbolsize=14);
# 0.00000 | 1.12686 | 1.12679 | 1.12678 | 1.12681 | 1.12677 | 1.12683 | 1.12683 | 1.12685 |
# 0.00000 | 0.00000 | 2.13193 | 2.13171 | 1.40203 | 1.90972 | 1.35020 | 1.35024 | 1.40252 |
# 0.00000 | 0.00000 | 0.00000 | 1.35058 | 1.90990 | 1.40173 | 2.13179 | 1.40218 | 1.35046 |
# 0.00000 | 0.00000 | 0.00000 | 0.00000 | 1.35020 | 1.40220 | 1.40206 | 2.13203 | 1.90950 |
# 0.00000 | 0.00000 | 0.00000 | 0.00000 | 0.00000 | 2.13183 | 1.40219 | 2.13174 | 1.35021 |
# 0.00000 | 0.00000 | 0.00000 | 0.00000 | 0.00000 | 0.00000 | 1.35040 | 1.35052 | 2.13184 |
# 0.00000 | 0.00000 | 0.00000 | 0.00000 | 0.00000 | 0.00000 | 0.00000 | 1.90962 | 2.13192 |
# 0.00000 | 0.00000 | 0.00000 | 0.00000 | 0.00000 | 0.00000 | 0.00000 | 0.00000 | 1.40231 |
#8.000 1.000 1.000 1.000
