restart: with(plots,Interactive,pointplot3d):
pointplot3d({
[0.0000000000, 0.0000000000, 0.0000000000], #  0.00   3
[-0.9348006047, -0.4612402216, -0.1143612866], #  1.05  -2
[0.3727338722, -0.7409495574, -0.7711296088], #  1.13  -2
[0.8313413736, 0.5175576622, -0.5710072690], #  1.13  -2
[0.2934952835, -0.9265516485, 0.5839612639], #  1.13  -2
[-0.4221986396, 0.9545555465, 0.1019015623], #  1.05  -2
[0.7464236318, 0.3342658887, 0.7840139149], #  1.13  -2
[1.1990371750, -0.4357174334, 0.0137990141]  #  1.28   2
},axes=normal,symbol=circle,symbolsize=14);
# 0.00000 | 1.04865 | 1.13251 | 1.13360 | 1.13386 | 1.04872 | 1.13294 | 1.27583 |
# 0.00000 | 0.00000 | 1.48971 | 2.07022 | 1.48758 | 1.52119 | 2.06553 | 2.13784 |
# 0.00000 | 0.00000 | 0.00000 | 1.35433 | 1.37004 | 2.06612 | 1.92723 | 1.17985 |
# 0.00000 | 0.00000 | 0.00000 | 0.00000 | 1.92579 | 1.48833 | 1.37000 | 1.17726 |
# 0.00000 | 0.00000 | 0.00000 | 0.00000 | 0.00000 | 2.06958 | 1.35456 | 1.17729 |
# 0.00000 | 0.00000 | 0.00000 | 0.00000 | 0.00000 | 0.00000 | 1.48853 | 2.13753 |
# 0.00000 | 0.00000 | 0.00000 | 0.00000 | 0.00000 | 0.00000 | 0.00000 | 1.17939 |
