285959294
285959294
285510594
285015988
284333270
283805882
281027078
279976104
279976104
279976104
279976104
279976104
279906314
279734576
279734576
279598269
279511742
279445070
279193604
279193604
279193604
279193604
279193604
279136796
278371481
278371481
278043195
278043195
278043195
276917265
276409643
276167438
275712949
275712949
275273618
274288894
274288894
270577986
270250647
270250647
270250647
270250647
270250647
270250647
269907266
269907266
268987366
268987366
268573221
267858728
267057962
267057962
266150778
266150778
266150778
266150778
265939658
265939658
265528945
265492357
265492357
264413038
264413038
264413038
264413038
263501048
263014896
262236602
261792174
261728150
261658981
261605619
261572095
261572095
261413713
260347221
260347221
256835033
256835033
256835033
256835033
256125751
256090087
256090087
256090087
256090087
256090087
256090087
255571994
255571994
255571994
255520350
255520350
254992396
254662044
254662044
254263496
254263496
254223068
251958843
251958843
251958843
251958843
251958843
251958843
251958843
251958843
251958843
251958843
251784445
251322609
251322609
250657319
250632745
250632745
250632745
250338043
250338043
249767185
249767185
249767185
249767185
249767185
249617832
249617832
249173482
248854603
248722784
248722784
248722784
248605789
247921483
247921483
247506247
247359062
247359062
244714176
244714176
244714176
244714176
244714176
244714176
244714176
244714176
244683214
244665179
243752396
243744059
243739398
243739398
243739398
243739398
243739398
243425707
243425707
243425707
242932566
242007433
241968097
241968097
241968097
241968097
241543468
241543468
241543468
241543468
241067964
241067964
241067964
241067964
241067964
240954083
240482045
240482045
240482045
240482045
240482045
240130469
240130469
240130469
239545367
239545367
239545367
238781612
238781612
238360030
238360030
238360030
237943898
237681957
237656530
237656530
237442219
237442219
237426817
236831276
236831276
236403127
236114344
235463375
235045762
234594342
234546197
234350072
234350072
233370914
233370914
232865780
232865780
232865780
232865780
232865780
232865780
232190333
231549145
231207993
231207993
230859099
230421138
229539996
229275923
229242341
229242341
228512224
228512224
228512224
228512224
228477147
228477147
228477147
228477147
228477147
226062352
226062352
226036722
226036722
225307001
225307001
225038826
225038826
225038826
224616866
224175816
224175816
224175816
223633959
223258398
222716517
222716517
222716517
222005892
222005892
222005892
222005892
222005892
221273635
221273635
218049870
217322411
217322411
216472753
213454028
213454028
213454028
211086899
211086899
211086899
211086899
211086899
211086899
211074820
210380295
209943021
209244863
209244863
209244863
209244863
209244863
208713887
208713887
206573169
206481682
206481682
206481682
206481682
205731175
205229420
204693847
202059014
201854521
201854521
201854521
201854521
201670688
201657287
201630618
201630618
201630618
201630618
201630618
201630618
201300941
201300941
201300941
200756345
200756345
200468651
200084822
200084822
200084822
200084822
200084822
200084822
200058366
200058366
199651149
199651149
199546197
199546197
198796210
198009300
197652680
197652680
197021741
196659658
196659658
196659658
196167548
195500875
194938475
194292528
194292528
194292528
193635087
191615985
191615985
191615985
191615985
191615985
191225002
191225002
188690383
188300965
188300965
188300965
188300965
188279071
187936904
187936904
187936904
187371492
187371492
187123319
187123319
186887025
186887025
186887025
186887025
186857945
184837449
184837449
184837449
184837449
184518225
184305204
184305204
184305204
184305204
184305204
184293027
184293027
181854163
181847484
181427601
181427601
181427601
180843910
180451758
180451758
180451758
179689595
179689595
179480753
179480753
179128467
176717533
176717533
176717533
176511714
176511714
176507524
176507524
176203413
176203413
175866426
175566596
175566596
174903731
174294576
174012935
174012935
174012935
173582374
173582374
173423895
173404133
173404133
173404133
173404133
173174517
173174517
173174517
172576282
172576282
172576282
172554566
172554566
172533614
170301959
170301959
167862290
167862290
167862290
167237224
167219611
167219611
167060362
167040775
166784550
166784550
166784550
166784550
166784550
166784550
166784550
166784550
166768867
166692300
166507932
166507932
166502372
166492972
166146325
166146325
166146325
166146325
166146325
166146325
165967844
165953081
165953081
165419180
164946524
164450332
164287877
164287877
164013165
163993618
163444669
163444669
163444669
163169008
163034360
160984374
160778134
158881948
157283372
156987023
156987023
156839407
156833416
156193482
156193482
156193482
156103769
156103769
156103769
156103769
155592528
155274140
155274140
154668022
154138745
153715829
153715829
153461678
153461678
153295534
153295534
152928517
152567571
152422797
152409753
152409753
151933857
151933857
151929756
151929756
151832120
151832120
151832120
151832120
151826104
151826104
151623806
151386974
151386974
151386974
151386974
151386974
151386974
151386974
151386974
151386974
151386974
150907690
150694283
150097803
150097803
150097803
150097803
150097803
150097803
150097803
150022184
149949818
149949818
149595568
149595568
149595568
149595568
149595568
149479772
149347342
147741341
147670270
147246282
146931385
146931385
146931385
146500131
146056356
145987691
145987691
145987691
145987691
145987691
145427880
143776873
143529362
142971565
142971565
142717753
142717753
142717753
142717753
142599644
142599644
142599644
142599644
142347430
142347430
141926403
141926403
141694220
141694220
141694220
141694220
141365046
141202005
140950056
140594160
140594160
140330747
140330747
139965223
139965223
139965223
139831667
139820432
139820432
139820432
137867332
137761666
137440213
137440213
135894356
135894356
135894356
135893365
135893365
135887120
135767692
135767692
135590523
134979907
134906717
134903421
134903421
134672129
134672129
134672129
134212825
133908473
133908473
133908473
133908473
133908473
133908473
133654329
133543584
133224663
133121863
133121863
133121448
133121448
133061535
133061535
132863157
132863157
132863157
132863157
132734799
132734799
132734799
132570180
132570180
132570180
132468428
132468428
132468428
130721812
130636389
130636389
130636389
130636389
130512898
130512898
130512898
130300151
130300151
130208922
130014782
129957785
129957785
128599295
127344449
127344449
125675012
125187608
124964381
124964381
124658715
124457380
124446392
122835626
122835626
122835626
122835626
122831186
122819415
122819415
122623062
122623062
122623062
122623062
122486646
122368660
122368660
120917006
120917006
120876949
120471784
120078963
119885702
119838607
119838607
119731390
119731390
119731390
119731390
119239571
119239571
119041879
119041879
118775187
118775187
118775187
118775187
118392650
118392650
118226788
118226788
118226788
118226788
117930209
117549318
117549318
117549318
117549318
117336675
117336675
116000073
114563312
114470359
114069080
114069080
114069080
114069080
113883444
113746607
113552647
113552647
113391217
113379627
113346898
113346898
113346898
112115956
112014006
112014006
112008689
112008689
111834655
111796354
111796354
111796354
111792757
111790988
111790988
111790988
111505991
111382352
110982317
110982317
110973106
110973106
110751663
110751663
110712932
110712932
110624175
110616592
110616592
110616592
109531528
109531528
109531528
109070561
109070561
109070561
108671398
108379439
108096668
107810250
107810250
107804129
107804129
107804129
107392067
107388606
107388606
107388606
107115473
105555629
105555629
105518888
105213654
104884810
104884810
104884810
104551037
104551037
104547262
104547262
104371341
104371341
104371341
104371341
104371341
104371341
104371341
104370039
104370039
104254268
104254268
103888886
103888886
103862697
103862697
103862697
103513799
103513799
103397273
103397273
103397273
103397273
103000383
103000383
103000383
103000383
102641801
102641801
102310681
102194365
102194365
101863044
101863044
101863044
101677852
101677852
101677852
101349705
101328830
101174429
100986554
100962139
100962139
100962139
100962139
100962139
100962139
100962139
100734452
100245353
100245353
100245353
100245353
100245353
100245353
100245353
100083689
100083689
100083689
99739246
99739246
99739246
99739246
99465031
99196417
99196417
99196417
99196417
99196417
99196417
99196417
98745107
98526518
98274982
98190842
98164124
97871876
97795207
97785653
97515681
97515681
97228864
97228864
97228864
97228864
96970735
96970735
96874935
96344428
96344428
96344428
96344428
96344428
96344428
96218033
96218033
96037879
96037879
96037879
96020630
95709898
95709898
95552429
95552429
95552429
95371818
95311382
95311382
95310686
95310686
95310686
95310686
95045344
94867732
94867732
94434374
94425494
94407887
94176050
94062875
93843191
93637495
93637495
93637495
93637495
93476603
93458099
93202436
92886859
92886859
92886859
92872058
92539605
92539580
92539580
92476508
92233335
92221431
92221431
92221431
92221431
92221431
92052232
92052232
91782910
91782910
91717166
91717166
91717166
91717166
91717166
91477618
91477618
91477618
91181915
91181915
91181915
91181915
91181915
91181915
91181915
91059574
91059574
91059574
91059574
91059574
91059574
91059574
91049076
91049076
90965253
90965253
89691477
89691477
89691477
89691477
89691477
89691477
89684056
89684056
89684056
89684056
89684056
89469883
89469883
89469883
89461061
89461061
89262944
89173078
89106526
87949117
87943150
87845990
87584367
87495789
87495789
87495789
87495789
87495789
86346977
86148489
86148489
86143555
86143555
86143555
86143555
86143555
86068475
85874584
85874584
85874584
85874584
85724556
85597761
85341782
85341782
85341782
85341782
85341782
85123896
85123896
85123896
85123896
84031072
